0.0019109301806186651
0.005797622952768668
0.010071782218376105
0.01395175900696945
0.017410521353913633
0.02063473650748147
0.023849838482426937
0.027080673685235198
0.030195994668573055
0.03309839961187557
0.035887299723567766
0.03872888579889689
0.041671201743434215
0.04467102246138403
0.047716263717421124
0.05098222134553374
0.054298967182082096
0.05755758031151168
0.06067771777894471
0.06353849071752114
0.06613877814929127
0.06881518044898358
0.07193676448962144
0.07518508880898968
0.07836772661132069
0.08178777917095337
0.08572286760783417
0.09019177411682194
0.09496452611787456
0.0998782794698312
