0.0016529814097016819
0.005308673651075603
0.009268777106270124
0.013134483519968255
0.01694091648031455
0.02067544754277168
0.024409346020161753
0.028256016739838154
0.0320672371132747
0.03563577506331805
0.03915049444337277
0.04289903540452104
0.04684562200526787
0.05088126821100775
0.055298865559151616
0.06026310012973203
0.06559391774667543
0.07107617901949016
0.07666968223689224
0.08217198157197836
0.08747693297158399
0.09285348741914819
0.0985806614428536
0.10450897891244189
0.11039446665190139
0.11629480153499372
0.12252766220076494
0.12909684415961745
0.13588966354511983
0.14290889256830133
