0.001657495264635637
0.005329169872384521
0.009321806107765108
0.013130279852656798
0.016881372085196855
0.020557165763632878
0.024234436249118845
0.028031021115838384
0.031809344740107263
0.03537541281757259
0.03886764984526225
0.04224039341432804
0.04600073022643271
0.049921827370065536
0.05422362909141137
0.059075993783698176
0.06430303023875696
0.06970241356506487
0.07522502074134803
0.08067516436792696
0.08583224900810661
0.09130507732124486
0.09592616705246913
0.10178513273271986
0.10747616568310853
0.11315264917695474
0.11914615081661523
0.12546884786463097
0.13201521024746132
0.13877826092392548
