0.0034577870147291107
0.007899771156770357
0.011800646509380716
0.015168929423451551
0.01823480644162118
0.02110464255669153
0.023896263714444255
0.026764699769917646
0.02958708037655631
0.0321765626972177
0.03482309163225404
0.037189648184465976
0.041107373091528066
0.043876300259999904
0.04642706465346841
0.04917239081730586
0.05210189226287437
0.055056483148529185
0.05802945156065434
0.06086953989780997
0.06354974701062624
0.0664913187374376
0.07624796195975747
0.08219270803564624
0.08733833172284618
0.0923120690235149
0.09717308524686595
0.10194216267289666
0.10644621486399272
0.1107552820108882
