0.0019048775973942854
0.005777076147911189
0.010045557846257717
0.013955409162347226
0.01744748920661032
0.0206491464232003
0.023726791384161616
0.02691731324302698
0.03005541891718107
0.0328917210466559
0.03556090676008683
0.03837207758722827
0.041326680101285054
0.04428491300243627
0.047429698030680825
0.050815125860613375
0.0541826133919896
0.05743869152979014
0.06049278897676612
0.06329081040696206
0.0660052561865331
0.06884509800156703
0.07190719578909703
0.07496771211395938
0.07799617126027616
0.08114680304903026
0.08494662991421849
0.08941468987554298
0.09421017772812357
0.09902529432322627
